r2    r3    r4    x    y
60    132   68    640  385
50    132   68    705  260
50    122   68    680  230
50    122   58    690  235
50    122   48    690  250
50    122   38    685  260
50    122   28    680  270
50    122   18    670  290
50    122   8     660  310
50    112   8     670  290
50    102   8     680  230
50    92    8     660  200
50    82    8     650  180
50    72    8     645  150
50    62    8     635  130
50    52    8     610  100
50    42    8     585  70
50    32    8     550  30
50    22    8     520  0
50    12    8     480 -30
50     2    8     440 -70
40     2    8     415 -130
30     2    8     385 -180
20     2    8     375 -230
20    12    8     445 -210
20    22    8     495 -200
20    32    8     530 -180
20    42    8     570 -160
20    52    8     585 -140
20    62    8     615 -120
20    72    8     645 -100
20    82    8     665 -80
20    92    8     685 -70
20   102    8     695 -50
20   112    8     715 -30
20   122    8     730  30
20   132    8     735  60
30   132    8     720  150
40   132    8     700  240
40   122    8     695  220
40   112    8     685  180
40   102    8     680  135
40   92     8     670  120
40   82     8     650  80
40   72     8     640  60
40   62     8     625  30
40   52     8     605  0
40   42     8     575  -20
40   32     8     555  -50
40   22     8     520   -70
40   22     8     470  -100
40   12     8     410  -130
30   12     8     385  -170
30   12     18    395  -160
30   22     18    460  -130
30   32     18    490  -120
